$jbas
*
ru universal-ecp-28
# ru    (11s5p5d3f3g) / [8s5p5d2f3g]     {41111111/11111/11111/21/111}
*
   4  s
  26.676285600      0.21650480000
  15.691932200      -1.6924857000
  9.5102427000       5.1491315000
  5.5942603000      -5.8321471000
   1  s
  3.2101693000      -1.6589959000
   1  s
  1.8788006000       3.7136026000
   1  s
  1.1051768000       1.5250798000
   1  s
 0.58842870000      0.73806530000
   1  s
 0.24852720000      0.16925410000
   1  s
 0.13232320000      0.21489900000E-01
   1  s
 0.77837200000E-01  0.47811000000E-02
   1  p
  8.7134989000      0.11356000000E-01
   1  p
  2.8784139000     -0.34392300000E-01
   1  p
 0.93749950000      0.48808700000E-01
   1  p
 0.30279200000     -0.27843000000E-02
   1  p
 0.97523600000E-01 -0.16201000000E-02
   1  d
  2.2115508000      0.78913000000E-02
   1  d
  1.0869127000     -0.41759000000E-02
   1  d
 0.52668320000      0.29830000000E-02
   1  d
 0.25308120000     -0.66125000000E-02
   1  d
 0.12127250000     -0.30840000000E-03
   2  f
  1.7397365000     -0.18194700000E-01
 0.74828410000      0.12230100000E-01
   1  f
 0.35423040000     -0.76980000000E-03
   1  g
  2.5071456000      0.72971400000E-01
   1  g
 0.92414430000      0.34720600000E-01
   1  g
 0.33851440000      0.42387000000E-02
*
cl universal
# cl    (14s5p5d2f1g) / [8s4p3d1f1g]     {71111111/2111/311/2/1}
*
   7  s
  8044.2766240      0.83066050000
  2924.5123954       1.6146203000
  1110.8168739       5.0051398000
  439.90507610       9.9863273000
  181.19872870       11.344397000
  77.414830200       2.6726629000
  34.197727300      -1.6043227000
   1  s
  15.564839700       5.7539291000
   1  s
  7.2707873000       6.0638907000
   1  s
  3.4711900000     -0.31993260000
   1  s
  1.6860808000     -0.39473200000
   1  s
 0.82931250000      0.93340360000
   1  s
 0.41101240000      0.48641750000
   1  s
 0.20421900000      0.78177800000E-01
   2  p
  12.256499300      0.56308600000E-01
  4.8922575000     -0.56300700000E-01
   1  p
  1.9265460000      0.46922200000E-01
   1  p
 0.75259890000     -0.71758000000E-02
   1  p
 0.29321890000     -0.16232500000E-01
   3  d
  28.437050400     -0.26540400000E-01
  7.2772298000      0.13484800000E-01
  2.3111621000     -0.13645200000E-01
   1  d
 0.85809430000     -0.13160800000E-01
   1  d
 0.33762270000     -0.45372000000E-02
   2  f
  1.2035685000       1.0000000000
 0.47000000000       1.0000000000
   1  g
 0.75211000000     -0.26699000000E-02
*
n 6-31G*
# n     (12s5p4d2f1g) / [6s4p3d1f1g]     {711111/2111/211/2/1}
*
   7  s
  2542.9401785      0.90466800000E-01
  1029.5472946      0.14556750000
  424.90535460      0.45940900000
  178.45737080       1.1392859000
  76.136274200       2.1795891000
  32.933865300       2.7604305000
  14.415543600       1.2837451000
   1  s
  6.3718891000     -0.17026420000
   1  s
  2.8381742000      0.50447200000E-01
   1  s
  1.2711793000      0.66345880000
   1  s
 0.57124070000      0.41165590000
   1  s
 0.25698870000      0.48916700000E-01
   2  p
  17.897599000     -0.33065600000E-01
  6.5346319000      0.41582000000E-02
   1  p
  2.3523645000      0.52582400000E-01
   1  p
 0.83973770000      0.17058000000E-02
   1  p
 0.29893350000      0.12296000000E-01
   2  d
  7.6909870000      0.35820000000E-02
  2.3044972000      0.18040300000E-01
   1  d
 0.84039870000      0.19444100000E-01
   1  d
 0.33037970000      0.23610000000E-03
   2  f
  2.3331076000      0.67248000000E-02
 0.84461370000      0.54427000000E-02
   1  g
  1.4037700000     -0.23051000000E-02
*
o 6-31G*
# o     (12s5p4d2f1g) / [6s4p3d1f1g]     {711111/2111/211/2/1}
*
   7  s
  2876.8216605      0.14435580000
  1004.7443032      0.29200410000
  369.75799540       1.0258517000
  142.94424040       2.2875516000
  57.836642500       3.6080237000
  24.386498300       2.3737865000
  10.662266200      0.48941400000E-01
   1  s
  4.8070437000     -0.12951860000
   1  s
  2.2210770000      0.77471580000
   1  s
  1.0447795000      0.76478160000
   1  s
 0.49684250000      0.23698030000
   1  s
 0.23713840000      0.20809900000E-01
   2  p
  64.261338200     -0.12665900000E-01
  16.300607600     -0.37874400000E-01
   1  p
  4.3550542000      0.63807800000E-01
   1  p
  1.2019554000      0.16951600000E-01
   1  p
 0.33541960000      0.65743000000E-02
   2  d
  9.2146611000     -0.59791400000E-01
  2.8435251000     -0.84672400000E-01
   1  d
 0.99557590000     -0.46606600000E-01
   1  d
 0.36494410000     -0.96978000000E-02
   2  f
  2.6420115000       1.0000000000
 0.73456130000       1.0000000000
   1  g
  1.3931000000     -0.16533000000E-02
*
c 6-31G*
# c     (12s5p4d2f1g) / [6s4p3d1f1g]     {711111/2111/211/2/1}
*
   7  s
  1861.0916331      0.74417100000E-01
  642.99397640      0.16539570000
  235.11057250      0.55764840000
  90.702889400       1.3108298000
  36.779455200       2.1694681000
  15.604627300       1.7668846000
  6.8907294000      0.29307690000
   1  s
  3.1478850000     -0.17087020000
   1  s
  1.4777287000      0.16415530000
   1  s
 0.70764660000      0.41499410000
   1  s
 0.34301220000      0.16243660000
   1  s
 0.16694530000      0.20767500000E-01
   2  p
  13.547289200     -0.20647700000E-01
  5.4669419000     -0.11528200000E-01
   1  p
  2.1751721000      0.45591400000E-01
   1  p
 0.85821940000      0.28360000000E-02
   1  p
 0.33767200000      0.18187500000E-01
   2  d
  5.9287253000     -0.22594800000E-01
  1.9809209000     -0.47682700000E-01
   1  d
 0.80554170000     -0.36537200000E-01
   1  d
 0.35312440000     -0.14541700000E-01
   2  f
  1.6755626000      0.88798000000E-02
 0.59975360000      0.69903000000E-02
   1  g
  1.0024600000     -0.22192000000E-02
*
h 6-31G*
# h     (5s2p1d) / [3s1p1d]     {311/2/1}
*
   3  s
  15.675292700      0.18688600000E-01
  3.6063578000      0.63167000000E-01
  1.2080016000      0.12046090000
   1  s
 0.47267940000      0.59248500000E-01
   1  s
 0.20181000000      0.51272000000E-02
   2  p
  2.0281365000       1.0000000000
 0.53587300000       1.0000000000
   1  d
  2.2165124000      0.33116000000E-02
*
$end
