$coord
    6.20590584294877      0.16993948905626      0.34248442835417      ru
    5.87151701326639     -0.13150775492283     -4.06099268739483      cl
   10.69745723068727      0.44653836894000     -0.07037076594289      cl
    2.41942925548966     -0.09062258003473      0.26193449480246      n
    5.24439669540304      3.98608607342214     -0.13599947273383      n
    5.76752914107396     -3.77009488855507      0.35519992356593      n
    6.58789739243293      0.40317183170355      3.61654339994031      n
    6.97186863610460      0.56279151483590      5.73151399230975      o
    1.10356478322456      2.06116673362454     -0.01209325719838      c
    2.69139532980619      4.35940687069038     -0.22165463771679      c
    5.96294687505676      8.36462643139360     -0.81427975583479      c
    7.31703452984685      9.89951621229553     -1.06065349923426      h
    1.40556849649072     -2.41631458044840      0.27078576884066      c
   -1.20966614785363     -2.64283124866506      0.11740427819547      c
   -2.12102296666110     -4.48864919293481      0.12334560374759      h
    7.07128863762012     -8.06334028800732      0.22787066301532      c
    8.62065177351292     -9.42192996153769      0.16583063472787      h
    3.28826888673165     -4.48942168827922      0.33823743531569      c
    1.72815383092688      6.76992002858662     -0.57914465671640      c
   -0.30640174573094      7.07971016051389     -0.64908565279901      h
   -1.51710017003021      1.91484502964315     -0.17041433578798      c
   -2.66716586084972      3.60827026140007     -0.38792418558988      h
    6.83512823317454      5.91671047971730     -0.44115029103393      c
    8.84302330423425      5.44059471194770     -0.39715162100799      h
    7.60484396640556     -5.49340826488674      0.28272641047343      c
    9.53052462049346     -4.75113850379177      0.25057580966178      h
    2.65932972089568     -7.03279840850903      0.29489692924948      c
    0.68520566528392     -7.61843976120967      0.28127530320249      h
    4.57022463080944     -8.83722011384708      0.24408879500530      c
    4.09099559115047    -10.84406247635292      0.20238068668217      h
    3.38076810897598      8.79287096488329     -0.87338971929362      c
    2.63767630892140     10.69621132087049     -1.16309362649227      h
   -2.65240454616307     -0.45442377094383     -0.08163608220223      c
   -4.70681665483593     -0.60096018759076     -0.20756223741696      h
$user-defined bonds
$end
